   3.7900000e+02;
   2.9400000e+02;
   2.7600000e+02;
   5.1200000e+02;
   4.4900000e+02;
   2.1000000e+02;
   9.2000000e+01;
   5.7000000e+01;
   2.8600000e+02;
   3.7300000e+02;
   5.0700000e+02;
   2.1000000e+01;
   3.2900000e+02;
   5.2700000e+02;
   1.9800000e+02;
   2.9200000e+02;
   1.0000000e+00;
   4.3400000e+02;
   4.7200000e+02;
   1.2500000e+02;
   3.8100000e+02;
   7.2000000e+01;
   4.7800000e+02;
   1.2200000e+02;
   2.6400000e+02;
   3.0000000e+00;
   4.6900000e+02;
   3.9800000e+02;
   1.1900000e+02;
   3.6000000e+02;
   1.5600000e+02;
   3.2000000e+02;
   5.2000000e+02;
   2.3300000e+02;
   5.0800000e+02;
   4.0900000e+02;
   2.9000000e+02;
   3.3000000e+01;
   5.2900000e+02;
   4.3300000e+02;
   1.9000000e+02;
   1.2600000e+02;
   1.9000000e+01;
   1.7900000e+02;
   2.5000000e+02;
   4.5300000e+02;
   3.8000000e+02;
   3.9900000e+02;
   5.3600000e+02;
   7.0000000e+01;
   1.8600000e+02;
   1.7500000e+02;
   4.5600000e+02;
   1.1000000e+02;
   2.9600000e+02;
   1.4600000e+02;
   1.3800000e+02;
   7.7000000e+01;
   3.0600000e+02;
   3.4800000e+02;
   6.6000000e+01;
   6.3000000e+01;
   8.6000000e+01;
   5.0200000e+02;
   3.0800000e+02;
   3.3100000e+02;
   0.0000000e+00;
   0.0000000e+00;
   0.0000000e+00;
   0.0000000e+00;
   0.0000000e+00;
   0.0000000e+00;
   0.0000000e+00;
   0.0000000e+00;
   0.0000000e+00;
   0.0000000e+00;
   0.0000000e+00;
   0.0000000e+00;
   0.0000000e+00;
   0.0000000e+00;
   0.0000000e+00;
   0.0000000e+00;
   0.0000000e+00;
   0.0000000e+00;
   0.0000000e+00;
   0.0000000e+00;
   0.0000000e+00;
   0.0000000e+00;
   0.0000000e+00;
   0.0000000e+00;
   0.0000000e+00;
   0.0000000e+00;
   0.0000000e+00;
   0.0000000e+00;
   0.0000000e+00;
   0.0000000e+00;
   0.0000000e+00;
   0.0000000e+00;
   0.0000000e+00;
   0.0000000e+00;
   0.0000000e+00;
   0.0000000e+00;
   0.0000000e+00;
   0.0000000e+00;
   0.0000000e+00;
   0.0000000e+00;
   0.0000000e+00;
   0.0000000e+00;
   0.0000000e+00;
   0.0000000e+00;
   0.0000000e+00;
   0.0000000e+00;
   0.0000000e+00;
   0.0000000e+00;
   0.0000000e+00;
   0.0000000e+00;
   0.0000000e+00;
   0.0000000e+00;
   0.0000000e+00;
   0.0000000e+00;
   0.0000000e+00;
   0.0000000e+00;
   0.0000000e+00;
   0.0000000e+00;
   0.0000000e+00;
   0.0000000e+00;
   0.0000000e+00;
   0.0000000e+00;
   0.0000000e+00;
   0.0000000e+00;
   0.0000000e+00;
   0.0000000e+00;
   0.0000000e+00;
   0.0000000e+00;
   0.0000000e+00;
   0.0000000e+00;
   0.0000000e+00;
   0.0000000e+00;
   0.0000000e+00;
   0.0000000e+00;
   0.0000000e+00;
   0.0000000e+00;
   0.0000000e+00;
   0.0000000e+00;
   0.0000000e+00;
   0.0000000e+00;
   0.0000000e+00;
   0.0000000e+00;
   0.0000000e+00;
   0.0000000e+00;
   0.0000000e+00;
   0.0000000e+00;
   0.0000000e+00;
   0.0000000e+00;
   0.0000000e+00;
   0.0000000e+00;
   0.0000000e+00;
   0.0000000e+00;
   0.0000000e+00;
   0.0000000e+00;
   0.0000000e+00;
   0.0000000e+00;
   0.0000000e+00;
   0.0000000e+00;
   0.0000000e+00;
   0.0000000e+00;
   0.0000000e+00;
   0.0000000e+00;
   0.0000000e+00;
   0.0000000e+00;
   0.0000000e+00;
   0.0000000e+00;
   0.0000000e+00;
   0.0000000e+00;
   0.0000000e+00;
   0.0000000e+00;
   0.0000000e+00;
   0.0000000e+00;
   0.0000000e+00;
   0.0000000e+00;
   0.0000000e+00;
   0.0000000e+00;
   0.0000000e+00;
   0.0000000e+00;
   0.0000000e+00;
   0.0000000e+00;
   0.0000000e+00;
   0.0000000e+00;
   0.0000000e+00;
   0.0000000e+00;
   0.0000000e+00;
   0.0000000e+00;
   0.0000000e+00;
   0.0000000e+00;
   0.0000000e+00;
   0.0000000e+00;
   0.0000000e+00;
   0.0000000e+00;
   0.0000000e+00;
   0.0000000e+00;
   0.0000000e+00;
   0.0000000e+00;
   0.0000000e+00;
   0.0000000e+00;
   0.0000000e+00;
   0.0000000e+00;
   0.0000000e+00;
   0.0000000e+00;
   0.0000000e+00;
   0.0000000e+00;
   0.0000000e+00;
   0.0000000e+00;
   0.0000000e+00;
   0.0000000e+00;
   0.0000000e+00;
   0.0000000e+00;
   0.0000000e+00;
   0.0000000e+00;
   0.0000000e+00;
   0.0000000e+00;
   0.0000000e+00;
   0.0000000e+00;
   0.0000000e+00;
   0.0000000e+00;
   0.0000000e+00;
   0.0000000e+00;
   0.0000000e+00;
   0.0000000e+00;
   0.0000000e+00;
   0.0000000e+00;
   0.0000000e+00;
   0.0000000e+00;
   0.0000000e+00;
   0.0000000e+00;
   0.0000000e+00;
   0.0000000e+00;
   0.0000000e+00;
   0.0000000e+00;
   0.0000000e+00;
   0.0000000e+00;
   0.0000000e+00;
   0.0000000e+00;
   0.0000000e+00;
   0.0000000e+00;
   0.0000000e+00;
   0.0000000e+00;
   0.0000000e+00;
   0.0000000e+00;
   0.0000000e+00;
   0.0000000e+00;
   0.0000000e+00;
   0.0000000e+00;
   0.0000000e+00;
   0.0000000e+00;
   0.0000000e+00;
   0.0000000e+00;
   0.0000000e+00;
   0.0000000e+00;
   0.0000000e+00;
   0.0000000e+00;
   0.0000000e+00;
   0.0000000e+00;
   0.0000000e+00;
   0.0000000e+00;
   0.0000000e+00;
   0.0000000e+00;
   0.0000000e+00;
   0.0000000e+00;
   0.0000000e+00;
   0.0000000e+00;
   0.0000000e+00;
   0.0000000e+00;
   0.0000000e+00;
   0.0000000e+00;
   0.0000000e+00;
   0.0000000e+00;
   0.0000000e+00;
   0.0000000e+00;
   0.0000000e+00;
   0.0000000e+00;
   0.0000000e+00;
   0.0000000e+00;
   0.0000000e+00;
   0.0000000e+00;
   0.0000000e+00;
   0.0000000e+00;
   0.0000000e+00;
   0.0000000e+00;
   0.0000000e+00;
   0.0000000e+00;
   0.0000000e+00;
   0.0000000e+00;
   0.0000000e+00;
   0.0000000e+00;
   0.0000000e+00;
   0.0000000e+00;
   0.0000000e+00;
   0.0000000e+00;
   0.0000000e+00;
   0.0000000e+00;
   0.0000000e+00;
   0.0000000e+00;
   0.0000000e+00;
   0.0000000e+00;
   0.0000000e+00;
   0.0000000e+00;
   0.0000000e+00;
   0.0000000e+00;
   0.0000000e+00;
   0.0000000e+00;
   0.0000000e+00;
   0.0000000e+00;
   0.0000000e+00;
   0.0000000e+00;
   0.0000000e+00;
   0.0000000e+00;
   0.0000000e+00;
   0.0000000e+00;
   0.0000000e+00;
   0.0000000e+00;
   0.0000000e+00;
   0.0000000e+00;
   0.0000000e+00;
   0.0000000e+00;
   0.0000000e+00;
   0.0000000e+00;
   0.0000000e+00;
   0.0000000e+00;
   0.0000000e+00;
   0.0000000e+00;
   0.0000000e+00;
   0.0000000e+00;
   0.0000000e+00;
   0.0000000e+00;
   0.0000000e+00;
   0.0000000e+00;
   0.0000000e+00;
   0.0000000e+00;
   0.0000000e+00;
   0.0000000e+00;
   0.0000000e+00;
   0.0000000e+00;
   0.0000000e+00;
   0.0000000e+00;
   0.0000000e+00;
   0.0000000e+00;
   0.0000000e+00;
   0.0000000e+00;
   0.0000000e+00;
   0.0000000e+00;
   0.0000000e+00;
   0.0000000e+00;
   0.0000000e+00;
   0.0000000e+00;
   0.0000000e+00;
   0.0000000e+00;
   0.0000000e+00;
   0.0000000e+00;
   0.0000000e+00;
   0.0000000e+00;
   0.0000000e+00;
   0.0000000e+00;
   0.0000000e+00;
   0.0000000e+00;
   0.0000000e+00;
   0.0000000e+00;
   0.0000000e+00;
   0.0000000e+00;
   0.0000000e+00;
   0.0000000e+00;
   0.0000000e+00;
   0.0000000e+00;
   0.0000000e+00;
   0.0000000e+00;
   0.0000000e+00;
   0.0000000e+00;
   0.0000000e+00;
   0.0000000e+00;
   0.0000000e+00;
   0.0000000e+00;
   0.0000000e+00;
   0.0000000e+00;
   0.0000000e+00;
   0.0000000e+00;
   0.0000000e+00;
   0.0000000e+00;
   0.0000000e+00;
   0.0000000e+00;
   0.0000000e+00;
   0.0000000e+00;
   0.0000000e+00;
   0.0000000e+00;
   0.0000000e+00;
   0.0000000e+00;
   0.0000000e+00;
   0.0000000e+00;
   0.0000000e+00;
   0.0000000e+00;
   0.0000000e+00;
   0.0000000e+00;
   0.0000000e+00;
   0.0000000e+00;
   0.0000000e+00;
   0.0000000e+00;
   0.0000000e+00;
   0.0000000e+00;
   0.0000000e+00;
   0.0000000e+00;
   0.0000000e+00;
   0.0000000e+00;
   0.0000000e+00;
   0.0000000e+00;
   0.0000000e+00;
   0.0000000e+00;
   0.0000000e+00;
   0.0000000e+00;
   0.0000000e+00;
   0.0000000e+00;
   0.0000000e+00;
   0.0000000e+00;
   0.0000000e+00;
   0.0000000e+00;
   0.0000000e+00;
   0.0000000e+00;
   0.0000000e+00;
   0.0000000e+00;
   0.0000000e+00;
   0.0000000e+00;
   0.0000000e+00;
   0.0000000e+00;
   0.0000000e+00;
   0.0000000e+00;
   0.0000000e+00;
   0.0000000e+00;
   0.0000000e+00;
   0.0000000e+00;
   0.0000000e+00;
   0.0000000e+00;
   0.0000000e+00;
   0.0000000e+00;
   0.0000000e+00;
   0.0000000e+00;
   0.0000000e+00;
   0.0000000e+00;
   0.0000000e+00;
   0.0000000e+00;
   0.0000000e+00;
   0.0000000e+00;
   0.0000000e+00;
   0.0000000e+00;
   0.0000000e+00;
   0.0000000e+00;
   0.0000000e+00;
   0.0000000e+00;
   0.0000000e+00;
   0.0000000e+00;
   0.0000000e+00;
   0.0000000e+00;
   0.0000000e+00;
   0.0000000e+00;
   0.0000000e+00;
   0.0000000e+00;
   0.0000000e+00;
   0.0000000e+00;
   0.0000000e+00;
   0.0000000e+00;
   0.0000000e+00;
   0.0000000e+00;
   0.0000000e+00;
   0.0000000e+00;
   0.0000000e+00;
   0.0000000e+00;
   0.0000000e+00;
   0.0000000e+00;
   0.0000000e+00;
   0.0000000e+00;
   0.0000000e+00;
   0.0000000e+00;
   0.0000000e+00;
   0.0000000e+00;
   0.0000000e+00;
   0.0000000e+00;
   0.0000000e+00;
   0.0000000e+00;
   0.0000000e+00;
   0.0000000e+00;
   0.0000000e+00;
   0.0000000e+00;
   0.0000000e+00;
   0.0000000e+00;
   0.0000000e+00;
   0.0000000e+00;
   0.0000000e+00;
   0.0000000e+00;
   0.0000000e+00;
   0.0000000e+00;
   0.0000000e+00;
   0.0000000e+00;
   0.0000000e+00;
   0.0000000e+00;
   0.0000000e+00;
   0.0000000e+00;
   0.0000000e+00;
   0.0000000e+00;
   0.0000000e+00;
   0.0000000e+00;
   0.0000000e+00;
   0.0000000e+00;
   0.0000000e+00;
   0.0000000e+00;
   0.0000000e+00;
   0.0000000e+00;
   0.0000000e+00;
   0.0000000e+00;
   0.0000000e+00;
   0.0000000e+00;
   0.0000000e+00;
   0.0000000e+00;
   0.0000000e+00;
   0.0000000e+00;
   0.0000000e+00;
   0.0000000e+00;
   0.0000000e+00;
   0.0000000e+00;
   0.0000000e+00;
   0.0000000e+00;
   0.0000000e+00;
   0.0000000e+00;
   0.0000000e+00;
   0.0000000e+00;
   0.0000000e+00;
   0.0000000e+00;
   0.0000000e+00;
   0.0000000e+00;
   0.0000000e+00;
   0.0000000e+00;
   0.0000000e+00;
   0.0000000e+00;
   0.0000000e+00;
   0.0000000e+00;
