   1.1570000e+03;
   1.7130000e+03;
   1.0780000e+03;
   5.3700000e+02;
   1.5310000e+03;
   1.9750000e+03;
   2.0440000e+03;
   2.0600000e+02;
   1.4430000e+03;
   2.0610000e+03;
   1.1300000e+03;
   1.6100000e+03;
   3.7100000e+02;
   1.1610000e+03;
   1.7400000e+03;
   7.4000000e+01;
   1.9850000e+03;
   8.3900000e+02;
   1.0590000e+03;
   3.8400000e+02;
   1.5340000e+03;
   1.0000000e+00;
   1.4180000e+03;
   5.0100000e+02;
   1.9280000e+03;
   1.0820000e+03;
   1.7070000e+03;
   9.7500000e+02;
   2.0800000e+02;
   9.9700000e+02;
   1.8820000e+03;
   2.6600000e+02;
   2.0740000e+03;
   1.4390000e+03;
   1.9930000e+03;
   1.3530000e+03;
   1.3290000e+03;
   1.5220000e+03;
   5.6500000e+02;
   1.9090000e+03;
   3.3600000e+02;
   1.2180000e+03;
   2.1000000e+01;
   1.5140000e+03;
   9.1600000e+02;
   1.6960000e+03;
   5.8600000e+02;
   1.5900000e+02;
   5.0300000e+02;
   1.2650000e+03;
   1.6500000e+02;
   8.1500000e+02;
   1.8760000e+03;
   3.7300000e+02;
   1.1460000e+03;
   3.0000000e+00;
   2.8300000e+02;
   1.1270000e+03;
   9.2200000e+02;
   1.0290000e+03;
   1.7090000e+03;
   3.4200000e+02;
   1.3730000e+03;
   1.7800000e+03;
   4.2100000e+02;
   1.8170000e+03;
   1.8410000e+03;
   2.0110000e+03;
   1.9410000e+03;
   7.3200000e+02;
   4.6200000e+02;
   7.8400000e+02;
   5.6000000e+01;
   1.2880000e+03;
   1.8560000e+03;
   1.5810000e+03;
   1.0610000e+03;
   1.1620000e+03;
   8.8000000e+01;
   1.8270000e+03;
   1.5330000e+03;
   1.2690000e+03;
   1.2620000e+03;
   8.7900000e+02;
   1.8090000e+03;
   5.2000000e+01;
   5.2000000e+02;
   7.7800000e+02;
   2.6200000e+02;
   7.1700000e+02;
   1.4400000e+02;
   1.8660000e+03;
   1.9560000e+03;
   1.9300000e+03;
   9.5000000e+02;
   1.5840000e+03;
   1.0720000e+03;
   2.0350000e+03;
   1.7900000e+03;
   2.2800000e+02;
   8.0300000e+02;
   1.4170000e+03;
   1.2850000e+03;
   3.0500000e+02;
   7.0000000e+00;
   2.0720000e+03;
   2.3100000e+02;
   1.4030000e+03;
   9.7900000e+02;
   1.5350000e+03;
   1.3980000e+03;
   2.0420000e+03;
   1.5780000e+03;
   4.3000000e+02;
   1.6370000e+03;
   6.1000000e+01;
   1.8610000e+03;
   1.6800000e+03;
   4.0300000e+02;
   1.9000000e+01;
   4.9600000e+02;
   4.7300000e+02;
   1.9710000e+03;
   2.1500000e+02;
   1.5300000e+03;
   7.5700000e+02;
   1.2100000e+02;
   7.2000000e+01;
   1.5000000e+01;
   1.8730000e+03;
   1.4720000e+03;
   5.1800000e+02;
   1.1860000e+03;
   5.3000000e+01;
   2.4400000e+02;
   1.3830000e+03;
   1.3110000e+03;
   2.0180000e+03;
   7.0300000e+02;
   1.0250000e+03;
   2.0630000e+03;
   7.6800000e+02;
   1.7100000e+02;
   9.9400000e+02;
   6.9600000e+02;
   5.0700000e+02;
   8.4400000e+02;
   8.5600000e+02;
   5.0900000e+02;
   2.0490000e+03;
   1.1160000e+03;
   2.0910000e+03;
   1.3790000e+03;
   9.2600000e+02;
   1.6430000e+03;
   2.6800000e+02;
   1.9310000e+03;
   1.3020000e+03;
   7.5000000e+01;
   1.7760000e+03;
   1.9920000e+03;
   7.9800000e+02;
   7.0400000e+02;
   1.9510000e+03;
   5.2100000e+02;
   1.4150000e+03;
   1.8500000e+02;
   1.6250000e+03;
   1.8020000e+03;
   1.7920000e+03;
   2.0770000e+03;
   1.1240000e+03;
   1.0490000e+03;
   1.2130000e+03;
   1.0190000e+03;
   1.5660000e+03;
   4.1400000e+02;
   1.8390000e+03;
   2.0320000e+03;
   3.2600000e+02;
   4.2000000e+01;
   1.7000000e+03;
   0.0000000e+00;
   0.0000000e+00;
   0.0000000e+00;
   0.0000000e+00;
   0.0000000e+00;
   0.0000000e+00;
   0.0000000e+00;
   0.0000000e+00;
   0.0000000e+00;
   0.0000000e+00;
   0.0000000e+00;
   0.0000000e+00;
   0.0000000e+00;
   0.0000000e+00;
   0.0000000e+00;
   0.0000000e+00;
   0.0000000e+00;
   0.0000000e+00;
   0.0000000e+00;
   0.0000000e+00;
   0.0000000e+00;
   0.0000000e+00;
   0.0000000e+00;
   0.0000000e+00;
   0.0000000e+00;
   0.0000000e+00;
   0.0000000e+00;
   0.0000000e+00;
   0.0000000e+00;
   0.0000000e+00;
   0.0000000e+00;
   0.0000000e+00;
   0.0000000e+00;
   0.0000000e+00;
   0.0000000e+00;
   0.0000000e+00;
   0.0000000e+00;
   0.0000000e+00;
   0.0000000e+00;
   0.0000000e+00;
   0.0000000e+00;
   0.0000000e+00;
   0.0000000e+00;
   0.0000000e+00;
   0.0000000e+00;
   0.0000000e+00;
   0.0000000e+00;
   0.0000000e+00;
   0.0000000e+00;
   0.0000000e+00;
   0.0000000e+00;
   0.0000000e+00;
   0.0000000e+00;
   0.0000000e+00;
   0.0000000e+00;
   0.0000000e+00;
   0.0000000e+00;
   0.0000000e+00;
   0.0000000e+00;
   0.0000000e+00;
   0.0000000e+00;
   0.0000000e+00;
   0.0000000e+00;
   0.0000000e+00;
   0.0000000e+00;
   0.0000000e+00;
   0.0000000e+00;
   0.0000000e+00;
   0.0000000e+00;
   0.0000000e+00;
   0.0000000e+00;
   0.0000000e+00;
   0.0000000e+00;
   0.0000000e+00;
   0.0000000e+00;
   0.0000000e+00;
   0.0000000e+00;
   0.0000000e+00;
   0.0000000e+00;
   0.0000000e+00;
   0.0000000e+00;
   0.0000000e+00;
   0.0000000e+00;
   0.0000000e+00;
   0.0000000e+00;
   0.0000000e+00;
   0.0000000e+00;
   0.0000000e+00;
   0.0000000e+00;
   0.0000000e+00;
   0.0000000e+00;
   0.0000000e+00;
   0.0000000e+00;
   0.0000000e+00;
   0.0000000e+00;
   0.0000000e+00;
   0.0000000e+00;
   0.0000000e+00;
   0.0000000e+00;
   0.0000000e+00;
   0.0000000e+00;
   0.0000000e+00;
   0.0000000e+00;
   0.0000000e+00;
   0.0000000e+00;
   0.0000000e+00;
   0.0000000e+00;
   0.0000000e+00;
   0.0000000e+00;
   0.0000000e+00;
   0.0000000e+00;
   0.0000000e+00;
   0.0000000e+00;
   0.0000000e+00;
   0.0000000e+00;
   0.0000000e+00;
   0.0000000e+00;
   0.0000000e+00;
   0.0000000e+00;
   0.0000000e+00;
   0.0000000e+00;
   0.0000000e+00;
   0.0000000e+00;
   0.0000000e+00;
   0.0000000e+00;
   0.0000000e+00;
   0.0000000e+00;
   0.0000000e+00;
   0.0000000e+00;
   0.0000000e+00;
   0.0000000e+00;
   0.0000000e+00;
   0.0000000e+00;
   0.0000000e+00;
   0.0000000e+00;
   0.0000000e+00;
   0.0000000e+00;
   0.0000000e+00;
   0.0000000e+00;
   0.0000000e+00;
   0.0000000e+00;
   0.0000000e+00;
   0.0000000e+00;
   0.0000000e+00;
   0.0000000e+00;
   0.0000000e+00;
   0.0000000e+00;
   0.0000000e+00;
   0.0000000e+00;
   0.0000000e+00;
   0.0000000e+00;
   0.0000000e+00;
   0.0000000e+00;
   0.0000000e+00;
   0.0000000e+00;
   0.0000000e+00;
   0.0000000e+00;
   0.0000000e+00;
   0.0000000e+00;
   0.0000000e+00;
   0.0000000e+00;
   0.0000000e+00;
   0.0000000e+00;
   0.0000000e+00;
   0.0000000e+00;
   0.0000000e+00;
   0.0000000e+00;
   0.0000000e+00;
   0.0000000e+00;
   0.0000000e+00;
   0.0000000e+00;
   0.0000000e+00;
   0.0000000e+00;
   0.0000000e+00;
   0.0000000e+00;
   0.0000000e+00;
   0.0000000e+00;
   0.0000000e+00;
   0.0000000e+00;
   0.0000000e+00;
   0.0000000e+00;
   0.0000000e+00;
   0.0000000e+00;
   0.0000000e+00;
   0.0000000e+00;
   0.0000000e+00;
   0.0000000e+00;
   0.0000000e+00;
   0.0000000e+00;
   0.0000000e+00;
   0.0000000e+00;
   0.0000000e+00;
   0.0000000e+00;
   0.0000000e+00;
   0.0000000e+00;
   0.0000000e+00;
   0.0000000e+00;
   0.0000000e+00;
   0.0000000e+00;
   0.0000000e+00;
   0.0000000e+00;
   0.0000000e+00;
   0.0000000e+00;
   0.0000000e+00;
   0.0000000e+00;
   0.0000000e+00;
   0.0000000e+00;
   0.0000000e+00;
   0.0000000e+00;
   0.0000000e+00;
   0.0000000e+00;
   0.0000000e+00;
   0.0000000e+00;
   0.0000000e+00;
   0.0000000e+00;
   0.0000000e+00;
   0.0000000e+00;
   0.0000000e+00;
   0.0000000e+00;
   0.0000000e+00;
   0.0000000e+00;
   0.0000000e+00;
   0.0000000e+00;
   0.0000000e+00;
   0.0000000e+00;
   0.0000000e+00;
   0.0000000e+00;
   0.0000000e+00;
   0.0000000e+00;
   0.0000000e+00;
   0.0000000e+00;
   0.0000000e+00;
   0.0000000e+00;
   0.0000000e+00;
   0.0000000e+00;
   0.0000000e+00;
   0.0000000e+00;
   0.0000000e+00;
   0.0000000e+00;
   0.0000000e+00;
   0.0000000e+00;
   0.0000000e+00;
   0.0000000e+00;
   0.0000000e+00;
   0.0000000e+00;
   0.0000000e+00;
   0.0000000e+00;
   0.0000000e+00;
   0.0000000e+00;
   0.0000000e+00;
   0.0000000e+00;
   0.0000000e+00;
   0.0000000e+00;
   0.0000000e+00;
   0.0000000e+00;
   0.0000000e+00;
   0.0000000e+00;
   0.0000000e+00;
   0.0000000e+00;
   0.0000000e+00;
   0.0000000e+00;
   0.0000000e+00;
   0.0000000e+00;
   0.0000000e+00;
   0.0000000e+00;
   0.0000000e+00;
   0.0000000e+00;
   0.0000000e+00;
   0.0000000e+00;
   0.0000000e+00;
   0.0000000e+00;
   0.0000000e+00;
   0.0000000e+00;
   0.0000000e+00;
   0.0000000e+00;
   0.0000000e+00;
   0.0000000e+00;
   0.0000000e+00;
   0.0000000e+00;
   0.0000000e+00;
   0.0000000e+00;
   0.0000000e+00;
   0.0000000e+00;
   0.0000000e+00;
   0.0000000e+00;
   0.0000000e+00;
   0.0000000e+00;
   0.0000000e+00;
   0.0000000e+00;
   0.0000000e+00;
   0.0000000e+00;
   0.0000000e+00;
   0.0000000e+00;
   0.0000000e+00;
   0.0000000e+00;
   0.0000000e+00;
   0.0000000e+00;
   0.0000000e+00;
   0.0000000e+00;
   0.0000000e+00;
   0.0000000e+00;
   0.0000000e+00;
   0.0000000e+00;
   0.0000000e+00;
   0.0000000e+00;
   0.0000000e+00;
   0.0000000e+00;
   0.0000000e+00;
   0.0000000e+00;
   0.0000000e+00;
   0.0000000e+00;
   0.0000000e+00;
   0.0000000e+00;
   0.0000000e+00;
   0.0000000e+00;
   0.0000000e+00;
   0.0000000e+00;
   0.0000000e+00;
   0.0000000e+00;
   0.0000000e+00;
   0.0000000e+00;
   0.0000000e+00;
   0.0000000e+00;
   0.0000000e+00;
   0.0000000e+00;
   0.0000000e+00;
   0.0000000e+00;
   0.0000000e+00;
   0.0000000e+00;
   0.0000000e+00;
   0.0000000e+00;
   0.0000000e+00;
   0.0000000e+00;
   0.0000000e+00;
   0.0000000e+00;
   0.0000000e+00;
   0.0000000e+00;
   0.0000000e+00;
   0.0000000e+00;
   0.0000000e+00;
   0.0000000e+00;
   0.0000000e+00;
   0.0000000e+00;
   0.0000000e+00;
   0.0000000e+00;
   0.0000000e+00;
   0.0000000e+00;
   0.0000000e+00;
   0.0000000e+00;
   0.0000000e+00;
   0.0000000e+00;
   0.0000000e+00;
   0.0000000e+00;
   0.0000000e+00;
   0.0000000e+00;
   0.0000000e+00;
   0.0000000e+00;
   0.0000000e+00;
   0.0000000e+00;
   0.0000000e+00;
   0.0000000e+00;
   0.0000000e+00;
   0.0000000e+00;
   0.0000000e+00;
   0.0000000e+00;
   0.0000000e+00;
   0.0000000e+00;
   0.0000000e+00;
   0.0000000e+00;
   0.0000000e+00;
   0.0000000e+00;
   0.0000000e+00;
   0.0000000e+00;
   0.0000000e+00;
   0.0000000e+00;
   0.0000000e+00;
   0.0000000e+00;
   0.0000000e+00;
   0.0000000e+00;
   0.0000000e+00;
   0.0000000e+00;
   0.0000000e+00;
   0.0000000e+00;
   0.0000000e+00;
   0.0000000e+00;
   0.0000000e+00;
   0.0000000e+00;
   0.0000000e+00;
   0.0000000e+00;
   0.0000000e+00;
   0.0000000e+00;
   0.0000000e+00;
   0.0000000e+00;
   0.0000000e+00;
   0.0000000e+00;
   0.0000000e+00;
   0.0000000e+00;
   0.0000000e+00;
   0.0000000e+00;
   0.0000000e+00;
   0.0000000e+00;
   0.0000000e+00;
   0.0000000e+00;
   0.0000000e+00;
   0.0000000e+00;
   0.0000000e+00;
   0.0000000e+00;
   0.0000000e+00;
   0.0000000e+00;
   0.0000000e+00;
   0.0000000e+00;
   0.0000000e+00;
   0.0000000e+00;
   0.0000000e+00;
   0.0000000e+00;
   0.0000000e+00;
   0.0000000e+00;
   0.0000000e+00;
   0.0000000e+00;
   0.0000000e+00;
   0.0000000e+00;
   0.0000000e+00;
   0.0000000e+00;
   0.0000000e+00;
   0.0000000e+00;
   0.0000000e+00;
   0.0000000e+00;
   0.0000000e+00;
   0.0000000e+00;
   0.0000000e+00;
   0.0000000e+00;
   0.0000000e+00;
   0.0000000e+00;
   0.0000000e+00;
   0.0000000e+00;
   0.0000000e+00;
   0.0000000e+00;
   0.0000000e+00;
   0.0000000e+00;
   0.0000000e+00;
   0.0000000e+00;
   0.0000000e+00;
   0.0000000e+00;
   0.0000000e+00;
   0.0000000e+00;
   0.0000000e+00;
   0.0000000e+00;
   0.0000000e+00;
   0.0000000e+00;
   0.0000000e+00;
   0.0000000e+00;
   0.0000000e+00;
   0.0000000e+00;
   0.0000000e+00;
   0.0000000e+00;
   0.0000000e+00;
   0.0000000e+00;
   0.0000000e+00;
   0.0000000e+00;
   0.0000000e+00;
   0.0000000e+00;
   0.0000000e+00;
   0.0000000e+00;
   0.0000000e+00;
   0.0000000e+00;
   0.0000000e+00;
   0.0000000e+00;
   0.0000000e+00;
   0.0000000e+00;
   0.0000000e+00;
   0.0000000e+00;
   0.0000000e+00;
   0.0000000e+00;
   0.0000000e+00;
   0.0000000e+00;
   0.0000000e+00;
   0.0000000e+00;
   0.0000000e+00;
   0.0000000e+00;
   0.0000000e+00;
   0.0000000e+00;
   0.0000000e+00;
   0.0000000e+00;
   0.0000000e+00;
   0.0000000e+00;
   0.0000000e+00;
   0.0000000e+00;
   0.0000000e+00;
   0.0000000e+00;
   0.0000000e+00;
   0.0000000e+00;
   0.0000000e+00;
   0.0000000e+00;
   0.0000000e+00;
   0.0000000e+00;
   0.0000000e+00;
   0.0000000e+00;
   0.0000000e+00;
   0.0000000e+00;
   0.0000000e+00;
   0.0000000e+00;
   0.0000000e+00;
   0.0000000e+00;
   0.0000000e+00;
   0.0000000e+00;
   0.0000000e+00;
   0.0000000e+00;
   0.0000000e+00;
   0.0000000e+00;
   0.0000000e+00;
   0.0000000e+00;
   0.0000000e+00;
   0.0000000e+00;
   0.0000000e+00;
   0.0000000e+00;
   0.0000000e+00;
   0.0000000e+00;
   0.0000000e+00;
   0.0000000e+00;
   0.0000000e+00;
   0.0000000e+00;
   0.0000000e+00;
   0.0000000e+00;
   0.0000000e+00;
   0.0000000e+00;
   0.0000000e+00;
   0.0000000e+00;
   0.0000000e+00;
   0.0000000e+00;
   0.0000000e+00;
   0.0000000e+00;
   0.0000000e+00;
   0.0000000e+00;
   0.0000000e+00;
   0.0000000e+00;
   0.0000000e+00;
   0.0000000e+00;
   0.0000000e+00;
   0.0000000e+00;
   0.0000000e+00;
   0.0000000e+00;
   0.0000000e+00;
   0.0000000e+00;
   0.0000000e+00;
   0.0000000e+00;
   0.0000000e+00;
   0.0000000e+00;
   0.0000000e+00;
   0.0000000e+00;
   0.0000000e+00;
   0.0000000e+00;
   0.0000000e+00;
   0.0000000e+00;
   0.0000000e+00;
   0.0000000e+00;
   0.0000000e+00;
   0.0000000e+00;
   0.0000000e+00;
   0.0000000e+00;
   0.0000000e+00;
   0.0000000e+00;
   0.0000000e+00;
   0.0000000e+00;
   0.0000000e+00;
   0.0000000e+00;
   0.0000000e+00;
   0.0000000e+00;
   0.0000000e+00;
   0.0000000e+00;
   0.0000000e+00;
   0.0000000e+00;
   0.0000000e+00;
   0.0000000e+00;
   0.0000000e+00;
   0.0000000e+00;
   0.0000000e+00;
   0.0000000e+00;
   0.0000000e+00;
   0.0000000e+00;
   0.0000000e+00;
   0.0000000e+00;
   0.0000000e+00;
   0.0000000e+00;
   0.0000000e+00;
   0.0000000e+00;
   0.0000000e+00;
   0.0000000e+00;
   0.0000000e+00;
   0.0000000e+00;
   0.0000000e+00;
   0.0000000e+00;
   0.0000000e+00;
   0.0000000e+00;
   0.0000000e+00;
   0.0000000e+00;
   0.0000000e+00;
   0.0000000e+00;
   0.0000000e+00;
   0.0000000e+00;
   0.0000000e+00;
   0.0000000e+00;
   0.0000000e+00;
   0.0000000e+00;
   0.0000000e+00;
   0.0000000e+00;
   0.0000000e+00;
   0.0000000e+00;
   0.0000000e+00;
   0.0000000e+00;
   0.0000000e+00;
   0.0000000e+00;
   0.0000000e+00;
   0.0000000e+00;
   0.0000000e+00;
   0.0000000e+00;
   0.0000000e+00;
   0.0000000e+00;
   0.0000000e+00;
   0.0000000e+00;
   0.0000000e+00;
   0.0000000e+00;
   0.0000000e+00;
   0.0000000e+00;
   0.0000000e+00;
   0.0000000e+00;
   0.0000000e+00;
   0.0000000e+00;
   0.0000000e+00;
   0.0000000e+00;
   0.0000000e+00;
   0.0000000e+00;
   0.0000000e+00;
   0.0000000e+00;
   0.0000000e+00;
   0.0000000e+00;
   0.0000000e+00;
   0.0000000e+00;
   0.0000000e+00;
   0.0000000e+00;
   0.0000000e+00;
   0.0000000e+00;
   0.0000000e+00;
   0.0000000e+00;
   0.0000000e+00;
   0.0000000e+00;
   0.0000000e+00;
   0.0000000e+00;
   0.0000000e+00;
   0.0000000e+00;
   0.0000000e+00;
   0.0000000e+00;
   0.0000000e+00;
   0.0000000e+00;
   0.0000000e+00;
   0.0000000e+00;
   0.0000000e+00;
   0.0000000e+00;
   0.0000000e+00;
   0.0000000e+00;
   0.0000000e+00;
   0.0000000e+00;
   0.0000000e+00;
   0.0000000e+00;
   0.0000000e+00;
   0.0000000e+00;
   0.0000000e+00;
   0.0000000e+00;
   0.0000000e+00;
   0.0000000e+00;
   0.0000000e+00;
   0.0000000e+00;
   0.0000000e+00;
   0.0000000e+00;
   0.0000000e+00;
   0.0000000e+00;
   0.0000000e+00;
   0.0000000e+00;
   0.0000000e+00;
   0.0000000e+00;
   0.0000000e+00;
   0.0000000e+00;
   0.0000000e+00;
   0.0000000e+00;
   0.0000000e+00;
   0.0000000e+00;
   0.0000000e+00;
   0.0000000e+00;
   0.0000000e+00;
   0.0000000e+00;
   0.0000000e+00;
   0.0000000e+00;
   0.0000000e+00;
   0.0000000e+00;
   0.0000000e+00;
   0.0000000e+00;
   0.0000000e+00;
   0.0000000e+00;
   0.0000000e+00;
   0.0000000e+00;
   0.0000000e+00;
   0.0000000e+00;
   0.0000000e+00;
   0.0000000e+00;
   0.0000000e+00;
   0.0000000e+00;
   0.0000000e+00;
   0.0000000e+00;
   0.0000000e+00;
   0.0000000e+00;
   0.0000000e+00;
   0.0000000e+00;
   0.0000000e+00;
   0.0000000e+00;
   0.0000000e+00;
   0.0000000e+00;
   0.0000000e+00;
   0.0000000e+00;
   0.0000000e+00;
   0.0000000e+00;
   0.0000000e+00;
   0.0000000e+00;
   0.0000000e+00;
   0.0000000e+00;
   0.0000000e+00;
   0.0000000e+00;
   0.0000000e+00;
   0.0000000e+00;
   0.0000000e+00;
   0.0000000e+00;
   0.0000000e+00;
   0.0000000e+00;
   0.0000000e+00;
   0.0000000e+00;
   0.0000000e+00;
   0.0000000e+00;
   0.0000000e+00;
   0.0000000e+00;
   0.0000000e+00;
   0.0000000e+00;
   0.0000000e+00;
   0.0000000e+00;
   0.0000000e+00;
   0.0000000e+00;
   0.0000000e+00;
   0.0000000e+00;
   0.0000000e+00;
   0.0000000e+00;
   0.0000000e+00;
   0.0000000e+00;
   0.0000000e+00;
   0.0000000e+00;
   0.0000000e+00;
   0.0000000e+00;
   0.0000000e+00;
   0.0000000e+00;
   0.0000000e+00;
   0.0000000e+00;
   0.0000000e+00;
   0.0000000e+00;
   0.0000000e+00;
   0.0000000e+00;
   0.0000000e+00;
   0.0000000e+00;
   0.0000000e+00;
   0.0000000e+00;
   0.0000000e+00;
   0.0000000e+00;
   0.0000000e+00;
   0.0000000e+00;
   0.0000000e+00;
   0.0000000e+00;
   0.0000000e+00;
   0.0000000e+00;
   0.0000000e+00;
   0.0000000e+00;
   0.0000000e+00;
   0.0000000e+00;
   0.0000000e+00;
   0.0000000e+00;
   0.0000000e+00;
   0.0000000e+00;
   0.0000000e+00;
   0.0000000e+00;
   0.0000000e+00;
   0.0000000e+00;
   0.0000000e+00;
   0.0000000e+00;
   0.0000000e+00;
   0.0000000e+00;
   0.0000000e+00;
   0.0000000e+00;
   0.0000000e+00;
   0.0000000e+00;
   0.0000000e+00;
   0.0000000e+00;
   0.0000000e+00;
   0.0000000e+00;
   0.0000000e+00;
   0.0000000e+00;
   0.0000000e+00;
   0.0000000e+00;
   0.0000000e+00;
   0.0000000e+00;
   0.0000000e+00;
   0.0000000e+00;
   0.0000000e+00;
   0.0000000e+00;
   0.0000000e+00;
   0.0000000e+00;
   0.0000000e+00;
   0.0000000e+00;
   0.0000000e+00;
   0.0000000e+00;
   0.0000000e+00;
   0.0000000e+00;
   0.0000000e+00;
   0.0000000e+00;
   0.0000000e+00;
   0.0000000e+00;
   0.0000000e+00;
   0.0000000e+00;
   0.0000000e+00;
   0.0000000e+00;
   0.0000000e+00;
   0.0000000e+00;
   0.0000000e+00;
   0.0000000e+00;
   0.0000000e+00;
   0.0000000e+00;
   0.0000000e+00;
   0.0000000e+00;
   0.0000000e+00;
   0.0000000e+00;
   0.0000000e+00;
   0.0000000e+00;
   0.0000000e+00;
   0.0000000e+00;
   0.0000000e+00;
   0.0000000e+00;
   0.0000000e+00;
   0.0000000e+00;
   0.0000000e+00;
   0.0000000e+00;
   0.0000000e+00;
   0.0000000e+00;
   0.0000000e+00;
   0.0000000e+00;
   0.0000000e+00;
   0.0000000e+00;
   0.0000000e+00;
   0.0000000e+00;
   0.0000000e+00;
   0.0000000e+00;
   0.0000000e+00;
   0.0000000e+00;
   0.0000000e+00;
   0.0000000e+00;
   0.0000000e+00;
   0.0000000e+00;
   0.0000000e+00;
   0.0000000e+00;
   0.0000000e+00;
   0.0000000e+00;
   0.0000000e+00;
   0.0000000e+00;
   0.0000000e+00;
   0.0000000e+00;
   0.0000000e+00;
   0.0000000e+00;
   0.0000000e+00;
   0.0000000e+00;
   0.0000000e+00;
   0.0000000e+00;
   0.0000000e+00;
   0.0000000e+00;
   0.0000000e+00;
   0.0000000e+00;
   0.0000000e+00;
   0.0000000e+00;
   0.0000000e+00;
   0.0000000e+00;
   0.0000000e+00;
   0.0000000e+00;
   0.0000000e+00;
   0.0000000e+00;
   0.0000000e+00;
   0.0000000e+00;
   0.0000000e+00;
   0.0000000e+00;
   0.0000000e+00;
   0.0000000e+00;
   0.0000000e+00;
   0.0000000e+00;
   0.0000000e+00;
   0.0000000e+00;
   0.0000000e+00;
   0.0000000e+00;
   0.0000000e+00;
   0.0000000e+00;
   0.0000000e+00;
   0.0000000e+00;
   0.0000000e+00;
   0.0000000e+00;
   0.0000000e+00;
   0.0000000e+00;
   0.0000000e+00;
   0.0000000e+00;
   0.0000000e+00;
   0.0000000e+00;
   0.0000000e+00;
   0.0000000e+00;
   0.0000000e+00;
   0.0000000e+00;
   0.0000000e+00;
   0.0000000e+00;
   0.0000000e+00;
   0.0000000e+00;
   0.0000000e+00;
   0.0000000e+00;
   0.0000000e+00;
   0.0000000e+00;
   0.0000000e+00;
   0.0000000e+00;
   0.0000000e+00;
   0.0000000e+00;
   0.0000000e+00;
   0.0000000e+00;
   0.0000000e+00;
   0.0000000e+00;
   0.0000000e+00;
   0.0000000e+00;
   0.0000000e+00;
   0.0000000e+00;
   0.0000000e+00;
   0.0000000e+00;
   0.0000000e+00;
   0.0000000e+00;
   0.0000000e+00;
   0.0000000e+00;
   0.0000000e+00;
   0.0000000e+00;
   0.0000000e+00;
   0.0000000e+00;
   0.0000000e+00;
   0.0000000e+00;
   0.0000000e+00;
   0.0000000e+00;
   0.0000000e+00;
   0.0000000e+00;
   0.0000000e+00;
   0.0000000e+00;
   0.0000000e+00;
   0.0000000e+00;
   0.0000000e+00;
   0.0000000e+00;
   0.0000000e+00;
   0.0000000e+00;
   0.0000000e+00;
   0.0000000e+00;
   0.0000000e+00;
   0.0000000e+00;
   0.0000000e+00;
   0.0000000e+00;
   0.0000000e+00;
   0.0000000e+00;
   0.0000000e+00;
   0.0000000e+00;
   0.0000000e+00;
   0.0000000e+00;
   0.0000000e+00;
   0.0000000e+00;
   0.0000000e+00;
   0.0000000e+00;
   0.0000000e+00;
   0.0000000e+00;
   0.0000000e+00;
   0.0000000e+00;
   0.0000000e+00;
   0.0000000e+00;
   0.0000000e+00;
   0.0000000e+00;
   0.0000000e+00;
   0.0000000e+00;
   0.0000000e+00;
   0.0000000e+00;
   0.0000000e+00;
   0.0000000e+00;
   0.0000000e+00;
   0.0000000e+00;
   0.0000000e+00;
   0.0000000e+00;
   0.0000000e+00;
   0.0000000e+00;
   0.0000000e+00;
   0.0000000e+00;
   0.0000000e+00;
   0.0000000e+00;
   0.0000000e+00;
   0.0000000e+00;
   0.0000000e+00;
   0.0000000e+00;
   0.0000000e+00;
   0.0000000e+00;
   0.0000000e+00;
   0.0000000e+00;
   0.0000000e+00;
   0.0000000e+00;
   0.0000000e+00;
   0.0000000e+00;
   0.0000000e+00;
   0.0000000e+00;
   0.0000000e+00;
   0.0000000e+00;
   0.0000000e+00;
   0.0000000e+00;
   0.0000000e+00;
   0.0000000e+00;
   0.0000000e+00;
   0.0000000e+00;
   0.0000000e+00;
   0.0000000e+00;
   0.0000000e+00;
   0.0000000e+00;
   0.0000000e+00;
   0.0000000e+00;
   0.0000000e+00;
   0.0000000e+00;
   0.0000000e+00;
   0.0000000e+00;
   0.0000000e+00;
   0.0000000e+00;
   0.0000000e+00;
   0.0000000e+00;
   0.0000000e+00;
   0.0000000e+00;
   0.0000000e+00;
   0.0000000e+00;
   0.0000000e+00;
   0.0000000e+00;
   0.0000000e+00;
   0.0000000e+00;
   0.0000000e+00;
   0.0000000e+00;
   0.0000000e+00;
   0.0000000e+00;
   0.0000000e+00;
   0.0000000e+00;
   0.0000000e+00;
   0.0000000e+00;
   0.0000000e+00;
   0.0000000e+00;
   0.0000000e+00;
   0.0000000e+00;
   0.0000000e+00;
   0.0000000e+00;
   0.0000000e+00;
   0.0000000e+00;
   0.0000000e+00;
   0.0000000e+00;
   0.0000000e+00;
   0.0000000e+00;
   0.0000000e+00;
   0.0000000e+00;
   0.0000000e+00;
   0.0000000e+00;
   0.0000000e+00;
   0.0000000e+00;
   0.0000000e+00;
   0.0000000e+00;
   0.0000000e+00;
   0.0000000e+00;
   0.0000000e+00;
   0.0000000e+00;
   0.0000000e+00;
   0.0000000e+00;
   0.0000000e+00;
   0.0000000e+00;
   0.0000000e+00;
   0.0000000e+00;
   0.0000000e+00;
   0.0000000e+00;
   0.0000000e+00;
   0.0000000e+00;
   0.0000000e+00;
   0.0000000e+00;
   0.0000000e+00;
   0.0000000e+00;
   0.0000000e+00;
   0.0000000e+00;
   0.0000000e+00;
   0.0000000e+00;
   0.0000000e+00;
   0.0000000e+00;
   0.0000000e+00;
   0.0000000e+00;
   0.0000000e+00;
   0.0000000e+00;
   0.0000000e+00;
   0.0000000e+00;
   0.0000000e+00;
   0.0000000e+00;
   0.0000000e+00;
   0.0000000e+00;
   0.0000000e+00;
   0.0000000e+00;
   0.0000000e+00;
   0.0000000e+00;
   0.0000000e+00;
   0.0000000e+00;
   0.0000000e+00;
   0.0000000e+00;
   0.0000000e+00;
   0.0000000e+00;
   0.0000000e+00;
   0.0000000e+00;
   0.0000000e+00;
   0.0000000e+00;
   0.0000000e+00;
   0.0000000e+00;
   0.0000000e+00;
   0.0000000e+00;
   0.0000000e+00;
   0.0000000e+00;
   0.0000000e+00;
   0.0000000e+00;
   0.0000000e+00;
   0.0000000e+00;
   0.0000000e+00;
   0.0000000e+00;
   0.0000000e+00;
   0.0000000e+00;
   0.0000000e+00;
   0.0000000e+00;
   0.0000000e+00;
   0.0000000e+00;
   0.0000000e+00;
   0.0000000e+00;
   0.0000000e+00;
   0.0000000e+00;
   0.0000000e+00;
   0.0000000e+00;
   0.0000000e+00;
   0.0000000e+00;
   0.0000000e+00;
   0.0000000e+00;
   0.0000000e+00;
   0.0000000e+00;
   0.0000000e+00;
   0.0000000e+00;
   0.0000000e+00;
   0.0000000e+00;
   0.0000000e+00;
   0.0000000e+00;
   0.0000000e+00;
   0.0000000e+00;
   0.0000000e+00;
   0.0000000e+00;
   0.0000000e+00;
   0.0000000e+00;
   0.0000000e+00;
   0.0000000e+00;
   0.0000000e+00;
   0.0000000e+00;
   0.0000000e+00;
   0.0000000e+00;
   0.0000000e+00;
   0.0000000e+00;
   0.0000000e+00;
   0.0000000e+00;
   0.0000000e+00;
   0.0000000e+00;
   0.0000000e+00;
   0.0000000e+00;
   0.0000000e+00;
   0.0000000e+00;
   0.0000000e+00;
   0.0000000e+00;
   0.0000000e+00;
   0.0000000e+00;
   0.0000000e+00;
   0.0000000e+00;
   0.0000000e+00;
   0.0000000e+00;
   0.0000000e+00;
   0.0000000e+00;
   0.0000000e+00;
   0.0000000e+00;
   0.0000000e+00;
   0.0000000e+00;
   0.0000000e+00;
   0.0000000e+00;
   0.0000000e+00;
   0.0000000e+00;
   0.0000000e+00;
   0.0000000e+00;
   0.0000000e+00;
   0.0000000e+00;
   0.0000000e+00;
   0.0000000e+00;
   0.0000000e+00;
   0.0000000e+00;
   0.0000000e+00;
   0.0000000e+00;
   0.0000000e+00;
   0.0000000e+00;
   0.0000000e+00;
   0.0000000e+00;
   0.0000000e+00;
   0.0000000e+00;
   0.0000000e+00;
   0.0000000e+00;
   0.0000000e+00;
   0.0000000e+00;
   0.0000000e+00;
   0.0000000e+00;
   0.0000000e+00;
   0.0000000e+00;
   0.0000000e+00;
   0.0000000e+00;
   0.0000000e+00;
   0.0000000e+00;
   0.0000000e+00;
   0.0000000e+00;
   0.0000000e+00;
   0.0000000e+00;
   0.0000000e+00;
   0.0000000e+00;
   0.0000000e+00;
   0.0000000e+00;
   0.0000000e+00;
   0.0000000e+00;
   0.0000000e+00;
   0.0000000e+00;
   0.0000000e+00;
   0.0000000e+00;
   0.0000000e+00;
   0.0000000e+00;
   0.0000000e+00;
   0.0000000e+00;
   0.0000000e+00;
   0.0000000e+00;
   0.0000000e+00;
   0.0000000e+00;
   0.0000000e+00;
   0.0000000e+00;
   0.0000000e+00;
   0.0000000e+00;
   0.0000000e+00;
   0.0000000e+00;
   0.0000000e+00;
   0.0000000e+00;
   0.0000000e+00;
   0.0000000e+00;
   0.0000000e+00;
   0.0000000e+00;
   0.0000000e+00;
   0.0000000e+00;
   0.0000000e+00;
   0.0000000e+00;
   0.0000000e+00;
   0.0000000e+00;
   0.0000000e+00;
   0.0000000e+00;
   0.0000000e+00;
   0.0000000e+00;
   0.0000000e+00;
   0.0000000e+00;
   0.0000000e+00;
   0.0000000e+00;
   0.0000000e+00;
   0.0000000e+00;
   0.0000000e+00;
   0.0000000e+00;
   0.0000000e+00;
   0.0000000e+00;
   0.0000000e+00;
   0.0000000e+00;
   0.0000000e+00;
   0.0000000e+00;
   0.0000000e+00;
   0.0000000e+00;
   0.0000000e+00;
   0.0000000e+00;
   0.0000000e+00;
   0.0000000e+00;
   0.0000000e+00;
   0.0000000e+00;
   0.0000000e+00;
   0.0000000e+00;
   0.0000000e+00;
   0.0000000e+00;
   0.0000000e+00;
   0.0000000e+00;
   0.0000000e+00;
   0.0000000e+00;
   0.0000000e+00;
   0.0000000e+00;
   0.0000000e+00;
   0.0000000e+00;
   0.0000000e+00;
   0.0000000e+00;
   0.0000000e+00;
   0.0000000e+00;
   0.0000000e+00;
   0.0000000e+00;
   0.0000000e+00;
   0.0000000e+00;
   0.0000000e+00;
   0.0000000e+00;
   0.0000000e+00;
   0.0000000e+00;
   0.0000000e+00;
   0.0000000e+00;
   0.0000000e+00;
   0.0000000e+00;
   0.0000000e+00;
   0.0000000e+00;
   0.0000000e+00;
   0.0000000e+00;
   0.0000000e+00;
   0.0000000e+00;
   0.0000000e+00;
   0.0000000e+00;
   0.0000000e+00;
   0.0000000e+00;
   0.0000000e+00;
   0.0000000e+00;
   0.0000000e+00;
   0.0000000e+00;
   0.0000000e+00;
   0.0000000e+00;
   0.0000000e+00;
   0.0000000e+00;
   0.0000000e+00;
   0.0000000e+00;
   0.0000000e+00;
   0.0000000e+00;
   0.0000000e+00;
   0.0000000e+00;
   0.0000000e+00;
   0.0000000e+00;
   0.0000000e+00;
   0.0000000e+00;
   0.0000000e+00;
   0.0000000e+00;
   0.0000000e+00;
   0.0000000e+00;
   0.0000000e+00;
   0.0000000e+00;
   0.0000000e+00;
   0.0000000e+00;
   0.0000000e+00;
   0.0000000e+00;
   0.0000000e+00;
   0.0000000e+00;
   0.0000000e+00;
   0.0000000e+00;
   0.0000000e+00;
   0.0000000e+00;
   0.0000000e+00;
   0.0000000e+00;
   0.0000000e+00;
   0.0000000e+00;
   0.0000000e+00;
   0.0000000e+00;
   0.0000000e+00;
   0.0000000e+00;
   0.0000000e+00;
   0.0000000e+00;
   0.0000000e+00;
   0.0000000e+00;
   0.0000000e+00;
   0.0000000e+00;
   0.0000000e+00;
   0.0000000e+00;
   0.0000000e+00;
   0.0000000e+00;
   0.0000000e+00;
   0.0000000e+00;
   0.0000000e+00;
   0.0000000e+00;
   0.0000000e+00;
   0.0000000e+00;
   0.0000000e+00;
   0.0000000e+00;
   0.0000000e+00;
   0.0000000e+00;
   0.0000000e+00;
   0.0000000e+00;
   0.0000000e+00;
   0.0000000e+00;
   0.0000000e+00;
   0.0000000e+00;
   0.0000000e+00;
   0.0000000e+00;
   0.0000000e+00;
   0.0000000e+00;
   0.0000000e+00;
   0.0000000e+00;
   0.0000000e+00;
   0.0000000e+00;
   0.0000000e+00;
   0.0000000e+00;
   0.0000000e+00;
   0.0000000e+00;
   0.0000000e+00;
   0.0000000e+00;
   0.0000000e+00;
   0.0000000e+00;
   0.0000000e+00;
   0.0000000e+00;
   0.0000000e+00;
   0.0000000e+00;
   0.0000000e+00;
   0.0000000e+00;
   0.0000000e+00;
   0.0000000e+00;
   0.0000000e+00;
   0.0000000e+00;
   0.0000000e+00;
   0.0000000e+00;
   0.0000000e+00;
   0.0000000e+00;
   0.0000000e+00;
   0.0000000e+00;
   0.0000000e+00;
   0.0000000e+00;
   0.0000000e+00;
   0.0000000e+00;
   0.0000000e+00;
   0.0000000e+00;
   0.0000000e+00;
   0.0000000e+00;
   0.0000000e+00;
   0.0000000e+00;
   0.0000000e+00;
   0.0000000e+00;
   0.0000000e+00;
   0.0000000e+00;
   0.0000000e+00;
   0.0000000e+00;
   0.0000000e+00;
   0.0000000e+00;
   0.0000000e+00;
   0.0000000e+00;
   0.0000000e+00;
   0.0000000e+00;
   0.0000000e+00;
   0.0000000e+00;
   0.0000000e+00;
   0.0000000e+00;
   0.0000000e+00;
   0.0000000e+00;
   0.0000000e+00;
   0.0000000e+00;
   0.0000000e+00;
   0.0000000e+00;
   0.0000000e+00;
   0.0000000e+00;
   0.0000000e+00;
   0.0000000e+00;
   0.0000000e+00;
   0.0000000e+00;
   0.0000000e+00;
   0.0000000e+00;
   0.0000000e+00;
   0.0000000e+00;
   0.0000000e+00;
   0.0000000e+00;
   0.0000000e+00;
   0.0000000e+00;
   0.0000000e+00;
   0.0000000e+00;
   0.0000000e+00;
   0.0000000e+00;
   0.0000000e+00;
   0.0000000e+00;
   0.0000000e+00;
   0.0000000e+00;
   0.0000000e+00;
   0.0000000e+00;
   0.0000000e+00;
   0.0000000e+00;
   0.0000000e+00;
   0.0000000e+00;
   0.0000000e+00;
   0.0000000e+00;
   0.0000000e+00;
   0.0000000e+00;
   0.0000000e+00;
   0.0000000e+00;
   0.0000000e+00;
   0.0000000e+00;
   0.0000000e+00;
   0.0000000e+00;
   0.0000000e+00;
   0.0000000e+00;
   0.0000000e+00;
   0.0000000e+00;
   0.0000000e+00;
   0.0000000e+00;
   0.0000000e+00;
   0.0000000e+00;
   0.0000000e+00;
   0.0000000e+00;
   0.0000000e+00;
   0.0000000e+00;
   0.0000000e+00;
   0.0000000e+00;
   0.0000000e+00;
   0.0000000e+00;
   0.0000000e+00;
   0.0000000e+00;
   0.0000000e+00;
   0.0000000e+00;
   0.0000000e+00;
   0.0000000e+00;
   0.0000000e+00;
   0.0000000e+00;
   0.0000000e+00;
   0.0000000e+00;
   0.0000000e+00;
   0.0000000e+00;
   0.0000000e+00;
   0.0000000e+00;
   0.0000000e+00;
   0.0000000e+00;
   0.0000000e+00;
   0.0000000e+00;
   0.0000000e+00;
   0.0000000e+00;
   0.0000000e+00;
   0.0000000e+00;
   0.0000000e+00;
   0.0000000e+00;
   0.0000000e+00;
   0.0000000e+00;
   0.0000000e+00;
   0.0000000e+00;
   0.0000000e+00;
   0.0000000e+00;
   0.0000000e+00;
   0.0000000e+00;
   0.0000000e+00;
   0.0000000e+00;
   0.0000000e+00;
   0.0000000e+00;
   0.0000000e+00;
   0.0000000e+00;
   0.0000000e+00;
   0.0000000e+00;
   0.0000000e+00;
   0.0000000e+00;
   0.0000000e+00;
   0.0000000e+00;
   0.0000000e+00;
   0.0000000e+00;
   0.0000000e+00;
   0.0000000e+00;
   0.0000000e+00;
   0.0000000e+00;
   0.0000000e+00;
   0.0000000e+00;
   0.0000000e+00;
   0.0000000e+00;
   0.0000000e+00;
   0.0000000e+00;
   0.0000000e+00;
   0.0000000e+00;
   0.0000000e+00;
   0.0000000e+00;
   0.0000000e+00;
   0.0000000e+00;
   0.0000000e+00;
   0.0000000e+00;
   0.0000000e+00;
   0.0000000e+00;
   0.0000000e+00;
   0.0000000e+00;
   0.0000000e+00;
   0.0000000e+00;
   0.0000000e+00;
   0.0000000e+00;
   0.0000000e+00;
   0.0000000e+00;
   0.0000000e+00;
   0.0000000e+00;
   0.0000000e+00;
   0.0000000e+00;
   0.0000000e+00;
   0.0000000e+00;
   0.0000000e+00;
   0.0000000e+00;
   0.0000000e+00;
   0.0000000e+00;
   0.0000000e+00;
   0.0000000e+00;
   0.0000000e+00;
   0.0000000e+00;
   0.0000000e+00;
   0.0000000e+00;
   0.0000000e+00;
   0.0000000e+00;
   0.0000000e+00;
   0.0000000e+00;
   0.0000000e+00;
   0.0000000e+00;
   0.0000000e+00;
   0.0000000e+00;
   0.0000000e+00;
   0.0000000e+00;
   0.0000000e+00;
   0.0000000e+00;
   0.0000000e+00;
   0.0000000e+00;
   0.0000000e+00;
   0.0000000e+00;
   0.0000000e+00;
   0.0000000e+00;
   0.0000000e+00;
   0.0000000e+00;
   0.0000000e+00;
   0.0000000e+00;
   0.0000000e+00;
   0.0000000e+00;
   0.0000000e+00;
   0.0000000e+00;
   0.0000000e+00;
   0.0000000e+00;
   0.0000000e+00;
   0.0000000e+00;
   0.0000000e+00;
   0.0000000e+00;
   0.0000000e+00;
   0.0000000e+00;
   0.0000000e+00;
   0.0000000e+00;
   0.0000000e+00;
   0.0000000e+00;
   0.0000000e+00;
   0.0000000e+00;
   0.0000000e+00;
   0.0000000e+00;
   0.0000000e+00;
   0.0000000e+00;
   0.0000000e+00;
   0.0000000e+00;
   0.0000000e+00;
   0.0000000e+00;
   0.0000000e+00;
   0.0000000e+00;
   0.0000000e+00;
   0.0000000e+00;
   0.0000000e+00;
   0.0000000e+00;
   0.0000000e+00;
   0.0000000e+00;
   0.0000000e+00;
   0.0000000e+00;
   0.0000000e+00;
   0.0000000e+00;
   0.0000000e+00;
   0.0000000e+00;
   0.0000000e+00;
   0.0000000e+00;
   0.0000000e+00;
   0.0000000e+00;
   0.0000000e+00;
   0.0000000e+00;
   0.0000000e+00;
   0.0000000e+00;
   0.0000000e+00;
   0.0000000e+00;
   0.0000000e+00;
   0.0000000e+00;
   0.0000000e+00;
   0.0000000e+00;
   0.0000000e+00;
   0.0000000e+00;
   0.0000000e+00;
   0.0000000e+00;
   0.0000000e+00;
   0.0000000e+00;
   0.0000000e+00;
   0.0000000e+00;
   0.0000000e+00;
   0.0000000e+00;
   0.0000000e+00;
   0.0000000e+00;
   0.0000000e+00;
   0.0000000e+00;
   0.0000000e+00;
   0.0000000e+00;
   0.0000000e+00;
   0.0000000e+00;
   0.0000000e+00;
   0.0000000e+00;
   0.0000000e+00;
   0.0000000e+00;
   0.0000000e+00;
   0.0000000e+00;
   0.0000000e+00;
   0.0000000e+00;
   0.0000000e+00;
   0.0000000e+00;
   0.0000000e+00;
   0.0000000e+00;
   0.0000000e+00;
   0.0000000e+00;
   0.0000000e+00;
   0.0000000e+00;
   0.0000000e+00;
   0.0000000e+00;
   0.0000000e+00;
   0.0000000e+00;
   0.0000000e+00;
   0.0000000e+00;
   0.0000000e+00;
   0.0000000e+00;
   0.0000000e+00;
   0.0000000e+00;
   0.0000000e+00;
   0.0000000e+00;
   0.0000000e+00;
   0.0000000e+00;
   0.0000000e+00;
   0.0000000e+00;
   0.0000000e+00;
   0.0000000e+00;
   0.0000000e+00;
   0.0000000e+00;
   0.0000000e+00;
   0.0000000e+00;
   0.0000000e+00;
   0.0000000e+00;
   0.0000000e+00;
   0.0000000e+00;
   0.0000000e+00;
   0.0000000e+00;
   0.0000000e+00;
   0.0000000e+00;
   0.0000000e+00;
   0.0000000e+00;
   0.0000000e+00;
   0.0000000e+00;
   0.0000000e+00;
   0.0000000e+00;
   0.0000000e+00;
   0.0000000e+00;
   0.0000000e+00;
   0.0000000e+00;
   0.0000000e+00;
   0.0000000e+00;
   0.0000000e+00;
   0.0000000e+00;
   0.0000000e+00;
   0.0000000e+00;
   0.0000000e+00;
   0.0000000e+00;
   0.0000000e+00;
   0.0000000e+00;
   0.0000000e+00;
   0.0000000e+00;
   0.0000000e+00;
   0.0000000e+00;
   0.0000000e+00;
   0.0000000e+00;
   0.0000000e+00;
   0.0000000e+00;
   0.0000000e+00;
   0.0000000e+00;
   0.0000000e+00;
   0.0000000e+00;
   0.0000000e+00;
   0.0000000e+00;
   0.0000000e+00;
   0.0000000e+00;
   0.0000000e+00;
   0.0000000e+00;
   0.0000000e+00;
   0.0000000e+00;
   0.0000000e+00;
   0.0000000e+00;
   0.0000000e+00;
   0.0000000e+00;
   0.0000000e+00;
   0.0000000e+00;
   0.0000000e+00;
   0.0000000e+00;
   0.0000000e+00;
   0.0000000e+00;
   0.0000000e+00;
   0.0000000e+00;
   0.0000000e+00;
   0.0000000e+00;
   0.0000000e+00;
   0.0000000e+00;
   0.0000000e+00;
   0.0000000e+00;
   0.0000000e+00;
   0.0000000e+00;
   0.0000000e+00;
   0.0000000e+00;
   0.0000000e+00;
   0.0000000e+00;
   0.0000000e+00;
   0.0000000e+00;
   0.0000000e+00;
   0.0000000e+00;
   0.0000000e+00;
   0.0000000e+00;
   0.0000000e+00;
   0.0000000e+00;
   0.0000000e+00;
   0.0000000e+00;
   0.0000000e+00;
   0.0000000e+00;
   0.0000000e+00;
   0.0000000e+00;
   0.0000000e+00;
   0.0000000e+00;
   0.0000000e+00;
   0.0000000e+00;
   0.0000000e+00;
   0.0000000e+00;
   0.0000000e+00;
   0.0000000e+00;
   0.0000000e+00;
   0.0000000e+00;
   0.0000000e+00;
   0.0000000e+00;
   0.0000000e+00;
   0.0000000e+00;
   0.0000000e+00;
   0.0000000e+00;
   0.0000000e+00;
   0.0000000e+00;
   0.0000000e+00;
   0.0000000e+00;
   0.0000000e+00;
   0.0000000e+00;
   0.0000000e+00;
   0.0000000e+00;
   0.0000000e+00;
   0.0000000e+00;
   0.0000000e+00;
   0.0000000e+00;
   0.0000000e+00;
   0.0000000e+00;
   0.0000000e+00;
   0.0000000e+00;
   0.0000000e+00;
   0.0000000e+00;
   0.0000000e+00;
   0.0000000e+00;
   0.0000000e+00;
   0.0000000e+00;
   0.0000000e+00;
   0.0000000e+00;
   0.0000000e+00;
   0.0000000e+00;
   0.0000000e+00;
   0.0000000e+00;
   0.0000000e+00;
   0.0000000e+00;
   0.0000000e+00;
   0.0000000e+00;
   0.0000000e+00;
   0.0000000e+00;
   0.0000000e+00;
   0.0000000e+00;
   0.0000000e+00;
   0.0000000e+00;
   0.0000000e+00;
   0.0000000e+00;
   0.0000000e+00;
   0.0000000e+00;
   0.0000000e+00;
   0.0000000e+00;
   0.0000000e+00;
   0.0000000e+00;
   0.0000000e+00;
   0.0000000e+00;
   0.0000000e+00;
   0.0000000e+00;
   0.0000000e+00;
   0.0000000e+00;
   0.0000000e+00;
   0.0000000e+00;
   0.0000000e+00;
   0.0000000e+00;
   0.0000000e+00;
   0.0000000e+00;
   0.0000000e+00;
   0.0000000e+00;
   0.0000000e+00;
   0.0000000e+00;
   0.0000000e+00;
   0.0000000e+00;
   0.0000000e+00;
   0.0000000e+00;
   0.0000000e+00;
   0.0000000e+00;
   0.0000000e+00;
   0.0000000e+00;
   0.0000000e+00;
   0.0000000e+00;
   0.0000000e+00;
   0.0000000e+00;
   0.0000000e+00;
   0.0000000e+00;
   0.0000000e+00;
   0.0000000e+00;
   0.0000000e+00;
   0.0000000e+00;
   0.0000000e+00;
   0.0000000e+00;
